|   Term |   Total pay |   Interest pay |
|--------+-------------+----------------|
|      1 |    1.3695   |     0.677833   |
|      2 |    1.36668  |     0.675009   |
|      3 |    1.36385  |     0.672185   |
|      4 |    1.36103  |     0.66936    |
|      5 |    1.3582   |     0.666536   |
|      6 |    1.35538  |     0.663712   |
|      7 |    1.35255  |     0.660888   |
|      8 |    1.34973  |     0.658063   |
|      9 |    1.34691  |     0.655239   |
|     10 |    1.34408  |     0.652415   |
|     11 |    1.34126  |     0.64959    |
|     12 |    1.33843  |     0.646766   |
|     13 |    1.33561  |     0.643942   |
|     14 |    1.33278  |     0.641117   |
|     15 |    1.32996  |     0.638293   |
|     16 |    1.32714  |     0.635469   |
|     17 |    1.32431  |     0.632644   |
|     18 |    1.32149  |     0.62982    |
|     19 |    1.31866  |     0.626996   |
|     20 |    1.31584  |     0.624172   |
|     21 |    1.31301  |     0.621347   |
|     22 |    1.31019  |     0.618523   |
|     23 |    1.30737  |     0.615699   |
|     24 |    1.30454  |     0.612874   |
|     25 |    1.30172  |     0.61005    |
|     26 |    1.29889  |     0.607226   |
|     27 |    1.29607  |     0.604401   |
|     28 |    1.29324  |     0.601577   |
|     29 |    1.29042  |     0.598753   |
|     30 |    1.2876   |     0.595928   |
|     31 |    1.28477  |     0.593104   |
|     32 |    1.28195  |     0.59028    |
|     33 |    1.27912  |     0.587456   |
|     34 |    1.2763   |     0.584631   |
|     35 |    1.27347  |     0.581807   |
|     36 |    1.27065  |     0.578983   |
|     37 |    1.26782  |     0.576158   |
|     38 |    1.265    |     0.573334   |
|     39 |    1.26218  |     0.57051    |
|     40 |    1.25935  |     0.567685   |
|     41 |    1.25653  |     0.564861   |
|     42 |    1.2537   |     0.562037   |
|     43 |    1.25088  |     0.559213   |
|     44 |    1.24805  |     0.556388   |
|     45 |    1.24523  |     0.553564   |
|     46 |    1.24241  |     0.55074    |
|     47 |    1.23958  |     0.547915   |
|     48 |    1.23676  |     0.545091   |
|     49 |    1.23393  |     0.542267   |
|     50 |    1.23111  |     0.539442   |
|     51 |    1.22828  |     0.536618   |
|     52 |    1.22546  |     0.533794   |
|     53 |    1.22264  |     0.530969   |
|     54 |    1.21981  |     0.528145   |
|     55 |    1.21699  |     0.525321   |
|     56 |    1.21416  |     0.522497   |
|     57 |    1.21134  |     0.519672   |
|     58 |    1.20851  |     0.516848   |
|     59 |    1.20569  |     0.514024   |
|     60 |    1.20287  |     0.511199   |
|     61 |    1.20004  |     0.508375   |
|     62 |    1.19722  |     0.505551   |
|     63 |    1.19439  |     0.502726   |
|     64 |    1.19157  |     0.499902   |
|     65 |    1.18874  |     0.497078   |
|     66 |    1.18592  |     0.494253   |
|     67 |    1.1831   |     0.491429   |
|     68 |    1.18027  |     0.488605   |
|     69 |    1.17745  |     0.485781   |
|     70 |    1.17462  |     0.482956   |
|     71 |    1.1718   |     0.480132   |
|     72 |    1.16897  |     0.477308   |
|     73 |    1.16615  |     0.474483   |
|     74 |    1.16333  |     0.471659   |
|     75 |    1.1605   |     0.468835   |
|     76 |    1.15768  |     0.46601    |
|     77 |    1.15485  |     0.463186   |
|     78 |    1.15203  |     0.460362   |
|     79 |    1.1492   |     0.457538   |
|     80 |    1.14638  |     0.454713   |
|     81 |    1.14356  |     0.451889   |
|     82 |    1.14073  |     0.449065   |
|     83 |    1.13791  |     0.44624    |
|     84 |    1.13508  |     0.443416   |
|     85 |    1.13226  |     0.440592   |
|     86 |    1.12943  |     0.437767   |
|     87 |    1.12661  |     0.434943   |
|     88 |    1.12379  |     0.432119   |
|     89 |    1.12096  |     0.429294   |
|     90 |    1.11814  |     0.42647    |
|     91 |    1.11531  |     0.423646   |
|     92 |    1.11249  |     0.420822   |
|     93 |    1.10966  |     0.417997   |
|     94 |    1.10684  |     0.415173   |
|     95 |    1.10402  |     0.412349   |
|     96 |    1.10119  |     0.409524   |
|     97 |    1.09837  |     0.4067     |
|     98 |    1.09554  |     0.403876   |
|     99 |    1.09272  |     0.401051   |
|    100 |    1.08989  |     0.398227   |
|    101 |    1.08707  |     0.395403   |
|    102 |    1.08425  |     0.392578   |
|    103 |    1.08142  |     0.389754   |
|    104 |    1.0786   |     0.38693    |
|    105 |    1.07577  |     0.384106   |
|    106 |    1.07295  |     0.381281   |
|    107 |    1.07012  |     0.378457   |
|    108 |    1.0673   |     0.375633   |
|    109 |    1.06448  |     0.372808   |
|    110 |    1.06165  |     0.369984   |
|    111 |    1.05883  |     0.36716    |
|    112 |    1.056    |     0.364335   |
|    113 |    1.05318  |     0.361511   |
|    114 |    1.05035  |     0.358687   |
|    115 |    1.04753  |     0.355863   |
|    116 |    1.0447   |     0.353038   |
|    117 |    1.04188  |     0.350214   |
|    118 |    1.03906  |     0.34739    |
|    119 |    1.03623  |     0.344565   |
|    120 |    1.03341  |     0.341741   |
|    121 |    1.03058  |     0.338917   |
|    122 |    1.02776  |     0.336092   |
|    123 |    1.02493  |     0.333268   |
|    124 |    1.02211  |     0.330444   |
|    125 |    1.01929  |     0.327619   |
|    126 |    1.01646  |     0.324795   |
|    127 |    1.01364  |     0.321971   |
|    128 |    1.01081  |     0.319147   |
|    129 |    1.00799  |     0.316322   |
|    130 |    1.00516  |     0.313498   |
|    131 |    1.00234  |     0.310674   |
|    132 |    0.999516 |     0.307849   |
|    133 |    0.996692 |     0.305025   |
|    134 |    0.993867 |     0.302201   |
|    135 |    0.991043 |     0.299376   |
|    136 |    0.988219 |     0.296552   |
|    137 |    0.985394 |     0.293728   |
|    138 |    0.98257  |     0.290903   |
|    139 |    0.979746 |     0.288079   |
|    140 |    0.976922 |     0.285255   |
|    141 |    0.974097 |     0.282431   |
|    142 |    0.971273 |     0.279606   |
|    143 |    0.968449 |     0.276782   |
|    144 |    0.965624 |     0.273958   |
|    145 |    0.9628   |     0.271133   |
|    146 |    0.959976 |     0.268309   |
|    147 |    0.957151 |     0.265485   |
|    148 |    0.954327 |     0.26266    |
|    149 |    0.951503 |     0.259836   |
|    150 |    0.948678 |     0.257012   |
|    151 |    0.945854 |     0.254188   |
|    152 |    0.94303  |     0.251363   |
|    153 |    0.940206 |     0.248539   |
|    154 |    0.937381 |     0.245715   |
|    155 |    0.934557 |     0.24289    |
|    156 |    0.931733 |     0.240066   |
|    157 |    0.928908 |     0.237242   |
|    158 |    0.926084 |     0.234417   |
|    159 |    0.92326  |     0.231593   |
|    160 |    0.920435 |     0.228769   |
|    161 |    0.917611 |     0.225944   |
|    162 |    0.914787 |     0.22312    |
|    163 |    0.911963 |     0.220296   |
|    164 |    0.909138 |     0.217472   |
|    165 |    0.906314 |     0.214647   |
|    166 |    0.90349  |     0.211823   |
|    167 |    0.900665 |     0.208999   |
|    168 |    0.897841 |     0.206174   |
|    169 |    0.895017 |     0.20335    |
|    170 |    0.892192 |     0.200526   |
|    171 |    0.889368 |     0.197701   |
|    172 |    0.886544 |     0.194877   |
|    173 |    0.883719 |     0.192053   |
|    174 |    0.880895 |     0.189228   |
|    175 |    0.878071 |     0.186404   |
|    176 |    0.875247 |     0.18358    |
|    177 |    0.872422 |     0.180756   |
|    178 |    0.869598 |     0.177931   |
|    179 |    0.866774 |     0.175107   |
|    180 |    0.863949 |     0.172283   |
|    181 |    0.861125 |     0.169458   |
|    182 |    0.858301 |     0.166634   |
|    183 |    0.855476 |     0.16381    |
|    184 |    0.852652 |     0.160985   |
|    185 |    0.849828 |     0.158161   |
|    186 |    0.847003 |     0.155337   |
|    187 |    0.844179 |     0.152513   |
|    188 |    0.841355 |     0.149688   |
|    189 |    0.838531 |     0.146864   |
|    190 |    0.835706 |     0.14404    |
|    191 |    0.832882 |     0.141215   |
|    192 |    0.830058 |     0.138391   |
|    193 |    0.827233 |     0.135567   |
|    194 |    0.824409 |     0.132742   |
|    195 |    0.821585 |     0.129918   |
|    196 |    0.81876  |     0.127094   |
|    197 |    0.815936 |     0.124269   |
|    198 |    0.813112 |     0.121445   |
|    199 |    0.810287 |     0.118621   |
|    200 |    0.807463 |     0.115797   |
|    201 |    0.804639 |     0.112972   |
|    202 |    0.801815 |     0.110148   |
|    203 |    0.79899  |     0.107324   |
|    204 |    0.796166 |     0.104499   |
|    205 |    0.793342 |     0.101675   |
|    206 |    0.790517 |     0.0988507  |
|    207 |    0.787693 |     0.0960264  |
|    208 |    0.784869 |     0.0932021  |
|    209 |    0.782044 |     0.0903778  |
|    210 |    0.77922  |     0.0875535  |
|    211 |    0.776396 |     0.0847292  |
|    212 |    0.773572 |     0.0819049  |
|    213 |    0.770747 |     0.0790806  |
|    214 |    0.767923 |     0.0762563  |
|    215 |    0.765099 |     0.0734319  |
|    216 |    0.762274 |     0.0706076  |
|    217 |    0.75945  |     0.0677833  |
|    218 |    0.756626 |     0.064959   |
|    219 |    0.753801 |     0.0621347  |
|    220 |    0.750977 |     0.0593104  |
|    221 |    0.748153 |     0.0564861  |
|    222 |    0.745328 |     0.0536618  |
|    223 |    0.742504 |     0.0508375  |
|    224 |    0.73968  |     0.0480132  |
|    225 |    0.736856 |     0.0451889  |
|    226 |    0.734031 |     0.0423646  |
|    227 |    0.731207 |     0.0395403  |
|    228 |    0.728383 |     0.036716   |
|    229 |    0.725558 |     0.0338917  |
|    230 |    0.722734 |     0.0310674  |
|    231 |    0.71991  |     0.0282431  |
|    232 |    0.717085 |     0.0254188  |
|    233 |    0.714261 |     0.0225944  |
|    234 |    0.711437 |     0.0197701  |
|    235 |    0.708612 |     0.0169458  |
|    236 |    0.705788 |     0.0141215  |
|    237 |    0.702964 |     0.0112972  |
|    238 |    0.70014  |     0.00847292 |
|    239 |    0.697315 |     0.00564861 |
|    240 |    0.694491 |     0.00282431 |
